# transform file /home/sangfeng/Desktop/UKBiobank/Der34/freesurfer/sub-1633992/mri/transforms/cc_up.lta
# created by sangfeng on Fri Mar 25 17:50:30 2022

type      = 0 # LINEAR_VOX_TO_VOX
nxforms   = 1
mean      = 127.0000 107.0000 105.0000
sigma     = 10000.0000
1 4 4
9.969948530197144e-01 -2.025416679680347e-02 -7.477468997240067e-02 1.372765159606934e+01 
2.019743993878365e-02 9.997949600219727e-01 -1.514809555374086e-03 3.664651489257812e+01 
7.479003071784973e-02 -1.164153357047226e-10 9.971993565559387e-01 2.796199035644531e+01 
0.000000000000000e+00 0.000000000000000e+00 0.000000000000000e+00 1.000000000000000e+00 
src volume info
valid = 1  # volume info valid
filename = /home/sangfeng/Desktop/UKBiobank/Der34/freesurfer/sub-1633992/mri/norm.mgz
volume = 256 256 256
voxelsize = 1.000000000000000e+00 1.000000000000000e+00 1.000000000000000e+00
xras   = -1.000000000000000e+00 -4.307366907596588e-09 0.000000000000000e+00
yras   = -1.862645149230957e-09 -7.450580596923828e-09 -9.999999403953552e-01
zras   = 4.540197551250458e-09 1.000000000000000e+00 7.450580596923828e-09
cras   = -9.057083129882812e-01 -1.155505371093750e+01 -1.533579254150391e+01
dst volume info
valid = 1  # volume info valid
filename = /home/sangfeng/Desktop/UKBiobank/Der34/freesurfer/sub-1633992/mri/norm.mgz
volume = 256 256 256
voxelsize = 1.000000000000000e+00 1.000000000000000e+00 1.000000000000000e+00
xras   = -1.000000000000000e+00 -4.307366907596588e-09 0.000000000000000e+00
yras   = -1.862645149230957e-09 -7.450580596923828e-09 -9.999999403953552e-01
zras   = 4.540197551250458e-09 1.000000000000000e+00 7.450580596923828e-09
cras   = -9.057083129882812e-01 -1.155505371093750e+01 -1.533579254150391e+01
