type      = 1 # LINEAR_RAS_TO_RAS
nxforms   = 1
mean      = 0.0000 0.0000 0.0000
sigma     = 1.0000
1 4 4
1.068204045295715e+00 7.839699834585190e-02 -4.442400112748146e-02 2.385711908340454e+00 
-7.014500349760056e-02 9.473810195922852e-01 3.536739945411682e-01 8.720855712890625e+00 
6.977300345897675e-02 -3.553000092506409e-01 1.113067030906677e+00 -1.694203186035156e+01 
0.000000000000000e+00 0.000000000000000e+00 0.000000000000000e+00 1.000000000000000e+00 
src volume info
valid = 1  # volume info valid
filename = /home/sangfeng/Desktop/UKBiobank/Der34/freesurfer/sub-1633992/mri/orig_nu.mgz
volume = 256 256 256
voxelsize = 1.000000000000000e+00 1.000000000000000e+00 1.000000000000000e+00
xras   = -1.000000000000000e+00 -4.307366907596588e-09 0.000000000000000e+00
yras   = -1.862645149230957e-09 -7.450580596923828e-09 -9.999999403953552e-01
zras   = 4.540197551250458e-09 1.000000000000000e+00 7.450580596923828e-09
cras   = -9.057083129882812e-01 -1.155505371093750e+01 -1.533579254150391e+01
dst volume info
valid = 1  # volume info valid
filename = /opt/freesurfer/average/mni305.cor.mgz
volume = 256 256 256
voxelsize = 1.000000000000000e+00 1.000000000000000e+00 1.000000000000000e+00
xras   = -1.000000000000000e+00 0.000000000000000e+00 0.000000000000000e+00
yras   = 0.000000000000000e+00 0.000000000000000e+00 -1.000000000000000e+00
zras   = 0.000000000000000e+00 1.000000000000000e+00 0.000000000000000e+00
cras   = 0.000000000000000e+00 0.000000000000000e+00 0.000000000000000e+00
subject fsaverage
fscale 0.100000
