# transform file transforms/talairach.lta
# created by sangfeng on Fri Mar 25 16:12:03 2022

type      = 0 # LINEAR_VOX_TO_VOX
nxforms   = 1
mean      = 127.0000 109.0000 106.0000
sigma     = 10000.0000
1 4 4
1.048906207084656e+00 -4.883637279272079e-02 -8.566821366548538e-02 8.079705238342285e+00 
7.143878936767578e-02 1.132017850875854e+00 3.589527308940887e-01 -4.158268356323242e+01 
5.065543204545975e-02 -3.113408088684082e-01 9.222174286842346e-01 3.835026168823242e+01 
0.000000000000000e+00 0.000000000000000e+00 0.000000000000000e+00 1.000000000000000e+00 
src volume info
valid = 1  # volume info valid
filename = nu.mgz
volume = 256 256 256
voxelsize = 1.000000000000000e+00 1.000000000000000e+00 1.000000000000000e+00
xras   = -1.000000000000000e+00 -4.307366907596588e-09 0.000000000000000e+00
yras   = -1.862645149230957e-09 -7.450580596923828e-09 -9.999999403953552e-01
zras   = 4.540197551250458e-09 1.000000000000000e+00 7.450580596923828e-09
cras   = -9.057083129882812e-01 -1.155505371093750e+01 -1.533579254150391e+01
dst volume info
valid = 1  # volume info valid
filename = /opt/freesurfer/average/RB_all_2016-05-10.vc700.gca
volume = 256 256 256
voxelsize = 1.000000000000000e+00 1.000000000000000e+00 1.000000000000000e+00
xras   = -1.000000000000000e+00 0.000000000000000e+00 0.000000000000000e+00
yras   = 0.000000000000000e+00 0.000000000000000e+00 -1.000000000000000e+00
zras   = 0.000000000000000e+00 1.000000000000000e+00 0.000000000000000e+00
cras   = 0.000000000000000e+00 0.000000000000000e+00 0.000000000000000e+00
